Temperature (K)	Pressure (bar)	Density (mol/m3)	Volume (m3/mol)	Internal Energy (kJ/mol)	Enthalpy (kJ/mol)	Entropy (J/mol*K)	Cv (J/mol*K)	Cp (J/mol*K)	Sound Spd. (m/s)	Joule-Thomson (K/bar)	Viscosity (uPa*s)	Therm. Cond. (W/m*K)	Phase
77.400	0.0000	0.0000	infinite	1.6007	2.2443	-1.0000e+07	20.788	29.103	179.33	undefined	5.3684	0.0070437	vapor
77.400	0.0016667	0.25900	3.8610	1.6006	2.2441	205.54	20.790	29.106	179.33	2.6085	5.3685	0.0070439	vapor
77.400	0.0033333	0.51804	1.9304	1.6005	2.2440	199.78	20.791	29.110	179.32	2.6087	5.3687	0.0070441	vapor
77.400	0.0050000	0.77711	1.2868	1.6005	2.2439	196.41	20.792	29.113	179.31	2.6088	5.3688	0.0070443	vapor
77.400	0.0066667	1.0362	0.96505	1.6004	2.2437	194.01	20.793	29.116	179.31	2.6090	5.3689	0.0070445	vapor
77.400	0.0083333	1.2954	0.77199	1.6003	2.2436	192.16	20.794	29.120	179.30	2.6092	5.3690	0.0070447	vapor
77.400	0.010000	1.5545	0.64328	1.6002	2.2435	190.64	20.796	29.123	179.29	2.6093	5.3692	0.0070449	vapor
77.400	0.011667	1.8137	0.55135	1.6001	2.2434	189.36	20.797	29.126	179.29	2.6095	5.3693	0.0070451	vapor
77.400	0.013333	2.0730	0.48240	1.6000	2.2432	188.24	20.798	29.130	179.28	2.6096	5.3694	0.0070453	vapor
77.400	0.015000	2.3323	0.42877	1.6000	2.2431	187.26	20.799	29.133	179.27	2.6098	5.3695	0.0070455	vapor
77.400	0.016667	2.5916	0.38587	1.5999	2.2430	186.39	20.800	29.136	179.26	2.6100	5.3697	0.0070457	vapor
77.400	0.018333	2.8509	0.35076	1.5998	2.2429	185.59	20.801	29.140	179.26	2.6101	5.3698	0.0070459	vapor
77.400	0.020000	3.1103	0.32151	1.5997	2.2427	184.87	20.803	29.143	179.25	2.6103	5.3699	0.0070462	vapor
77.400	0.021667	3.3697	0.29676	1.5996	2.2426	184.20	20.804	29.146	179.24	2.6104	5.3700	0.0070464	vapor
77.400	0.023333	3.6292	0.27554	1.5995	2.2425	183.59	20.805	29.150	179.24	2.6106	5.3702	0.0070466	vapor
77.400	0.025000	3.8887	0.25716	1.5995	2.2424	183.01	20.806	29.153	179.23	2.6108	5.3703	0.0070468	vapor
77.400	0.026667	4.1482	0.24107	1.5994	2.2422	182.47	20.807	29.156	179.22	2.6109	5.3704	0.0070470	vapor
77.400	0.028333	4.4078	0.22687	1.5993	2.2421	181.97	20.809	29.160	179.22	2.6111	5.3705	0.0070472	vapor
77.400	0.030000	4.6674	0.21425	1.5992	2.2420	181.49	20.810	29.163	179.21	2.6112	5.3707	0.0070474	vapor
77.400	0.031667	4.9270	0.20296	1.5991	2.2418	181.04	20.811	29.166	179.20	2.6114	5.3708	0.0070476	vapor
77.400	0.033333	5.1867	0.19280	1.5990	2.2417	180.61	20.812	29.170	179.20	2.6116	5.3709	0.0070478	vapor
77.400	0.035000	5.4464	0.18361	1.5990	2.2416	180.21	20.813	29.173	179.19	2.6117	5.3710	0.0070480	vapor
77.400	0.036667	5.7061	0.17525	1.5989	2.2415	179.82	20.814	29.177	179.18	2.6119	5.3712	0.0070482	vapor
77.400	0.038333	5.9659	0.16762	1.5988	2.2413	179.45	20.816	29.180	179.17	2.6120	5.3713	0.0070484	vapor
77.400	0.040000	6.2257	0.16063	1.5987	2.2412	179.09	20.817	29.183	179.17	2.6122	5.3714	0.0070486	vapor
77.400	0.041667	6.4855	0.15419	1.5986	2.2411	178.75	20.818	29.187	179.16	2.6124	5.3715	0.0070488	vapor
77.400	0.043333	6.7454	0.14825	1.5985	2.2410	178.43	20.819	29.190	179.15	2.6125	5.3717	0.0070491	vapor
77.400	0.045000	7.0053	0.14275	1.5985	2.2408	178.11	20.820	29.193	179.15	2.6127	5.3718	0.0070493	vapor
77.400	0.046667	7.2653	0.13764	1.5984	2.2407	177.81	20.822	29.197	179.14	2.6128	5.3719	0.0070495	vapor
77.400	0.048333	7.5252	0.13289	1.5983	2.2406	177.51	20.823	29.200	179.13	2.6130	5.3720	0.0070497	vapor
77.400	0.050000	7.7853	0.12845	1.5982	2.2404	177.23	20.824	29.203	179.13	2.6132	5.3721	0.0070499	vapor
77.400	0.051667	8.0453	0.12430	1.5981	2.2403	176.96	20.825	29.207	179.12	2.6133	5.3723	0.0070501	vapor
77.400	0.053333	8.3054	0.12040	1.5980	2.2402	176.69	20.826	29.210	179.11	2.6135	5.3724	0.0070503	vapor
77.400	0.055000	8.5655	0.11675	1.5980	2.2401	176.44	20.828	29.214	179.11	2.6136	5.3725	0.0070505	vapor
77.400	0.056667	8.8257	0.11331	1.5979	2.2399	176.19	20.829	29.217	179.10	2.6138	5.3726	0.0070507	vapor
77.400	0.058333	9.0859	0.11006	1.5978	2.2398	175.94	20.830	29.220	179.09	2.6140	5.3728	0.0070509	vapor
77.400	0.060000	9.3461	0.10700	1.5977	2.2397	175.71	20.831	29.224	179.08	2.6141	5.3729	0.0070511	vapor
77.400	0.061667	9.6064	0.10410	1.5976	2.2396	175.48	20.832	29.227	179.08	2.6143	5.3730	0.0070514	vapor
77.400	0.063333	9.8667	0.10135	1.5975	2.2394	175.26	20.834	29.231	179.07	2.6144	5.3731	0.0070516	vapor
77.400	0.065000	10.127	0.098746	1.5975	2.2393	175.04	20.835	29.234	179.06	2.6146	5.3733	0.0070518	vapor
77.400	0.066667	10.387	0.096270	1.5974	2.2392	174.83	20.836	29.237	179.06	2.6147	5.3734	0.0070520	vapor
77.400	0.068333	10.648	0.093916	1.5973	2.2390	174.62	20.837	29.241	179.05	2.6149	5.3735	0.0070522	vapor
77.400	0.070000	10.908	0.091674	1.5972	2.2389	174.42	20.838	29.244	179.04	2.6151	5.3736	0.0070524	vapor
77.400	0.071667	11.169	0.089536	1.5971	2.2388	174.22	20.840	29.248	179.04	2.6152	5.3738	0.0070526	vapor
77.400	0.073333	11.429	0.087495	1.5970	2.2387	174.03	20.841	29.251	179.03	2.6154	5.3739	0.0070528	vapor
77.400	0.075000	11.690	0.085545	1.5970	2.2385	173.84	20.842	29.254	179.02	2.6155	5.3740	0.0070530	vapor
77.400	0.076667	11.950	0.083679	1.5969	2.2384	173.66	20.843	29.258	179.01	2.6157	5.3741	0.0070532	vapor
77.400	0.078333	12.211	0.081893	1.5968	2.2383	173.48	20.844	29.261	179.01	2.6159	5.3743	0.0070534	vapor
77.400	0.080000	12.472	0.080182	1.5967	2.2382	173.30	20.846	29.265	179.00	2.6160	5.3744	0.0070537	vapor
77.400	0.081667	12.732	0.078540	1.5966	2.2380	173.13	20.847	29.268	178.99	2.6162	5.3745	0.0070539	vapor
77.400	0.083333	12.993	0.076964	1.5965	2.2379	172.96	20.848	29.271	178.99	2.6163	5.3746	0.0070541	vapor
77.400	0.085000	13.254	0.075450	1.5965	2.2378	172.80	20.849	29.275	178.98	2.6165	5.3748	0.0070543	vapor
77.400	0.086667	13.515	0.073994	1.5964	2.2376	172.63	20.850	29.278	178.97	2.6167	5.3749	0.0070545	vapor
77.400	0.088333	13.775	0.072593	1.5963	2.2375	172.47	20.852	29.282	178.97	2.6168	5.3750	0.0070547	vapor
77.400	0.090000	14.036	0.071244	1.5962	2.2374	172.32	20.853	29.285	178.96	2.6170	5.3751	0.0070549	vapor
77.400	0.091667	14.297	0.069943	1.5961	2.2373	172.16	20.854	29.288	178.95	2.6171	5.3753	0.0070551	vapor
77.400	0.093333	14.558	0.068690	1.5960	2.2371	172.01	20.855	29.292	178.94	2.6173	5.3754	0.0070553	vapor
77.400	0.095000	14.819	0.067480	1.5959	2.2370	171.87	20.856	29.295	178.94	2.6174	5.3755	0.0070556	vapor
77.400	0.096667	15.080	0.066312	1.5959	2.2369	171.72	20.858	29.299	178.93	2.6176	5.3756	0.0070558	vapor
77.400	0.098333	15.341	0.065184	1.5958	2.2368	171.58	20.859	29.302	178.92	2.6178	5.3758	0.0070560	vapor
77.400	0.10000	15.602	0.064093	1.5957	2.2366	171.44	20.860	29.306	178.92	2.6179	5.3759	0.0070562	vapor
77.400	0.10167	15.863	0.063038	1.5956	2.2365	171.30	20.861	29.309	178.91	2.6181	5.3760	0.0070564	vapor
77.400	0.10333	16.125	0.062017	1.5955	2.2364	171.16	20.862	29.312	178.90	2.6182	5.3761	0.0070566	vapor
77.400	0.10500	16.386	0.061028	1.5954	2.2362	171.03	20.864	29.316	178.90	2.6184	5.3763	0.0070568	vapor
77.400	0.10667	16.647	0.060071	1.5954	2.2361	170.89	20.865	29.319	178.89	2.6186	5.3764	0.0070570	vapor
77.400	0.10833	16.908	0.059142	1.5953	2.2360	170.76	20.866	29.323	178.88	2.6187	5.3765	0.0070573	vapor
77.400	0.11000	17.170	0.058242	1.5952	2.2359	170.64	20.867	29.326	178.88	2.6189	5.3766	0.0070575	vapor
77.400	0.11167	17.431	0.057369	1.5951	2.2357	170.51	20.868	29.330	178.87	2.6190	5.3768	0.0070577	vapor
77.400	0.11333	17.692	0.056522	1.5950	2.2356	170.39	20.870	29.333	178.86	2.6192	5.3769	0.0070579	vapor
77.400	0.11500	17.954	0.055699	1.5949	2.2355	170.26	20.871	29.336	178.85	2.6193	5.3770	0.0070581	vapor
77.400	0.11667	18.215	0.054899	1.5949	2.2353	170.14	20.872	29.340	178.85	2.6195	5.3771	0.0070583	vapor
77.400	0.11833	18.477	0.054122	1.5948	2.2352	170.02	20.873	29.343	178.84	2.6197	5.3773	0.0070585	vapor
77.400	0.12000	18.738	0.053367	1.5947	2.2351	169.91	20.874	29.347	178.83	2.6198	5.3774	0.0070587	vapor
77.400	0.12167	19.000	0.052632	1.5946	2.2350	169.79	20.876	29.350	178.83	2.6200	5.3775	0.0070590	vapor
77.400	0.12333	19.261	0.051917	1.5945	2.2348	169.68	20.877	29.354	178.82	2.6201	5.3776	0.0070592	vapor
77.400	0.12500	19.523	0.051222	1.5944	2.2347	169.56	20.878	29.357	178.81	2.6203	5.3778	0.0070594	vapor
77.400	0.12667	19.785	0.050544	1.5943	2.2346	169.45	20.879	29.361	178.81	2.6205	5.3779	0.0070596	vapor
77.400	0.12833	20.046	0.049884	1.5943	2.2344	169.34	20.881	29.364	178.80	2.6206	5.3780	0.0070598	vapor
77.400	0.13000	20.308	0.049242	1.5942	2.2343	169.23	20.882	29.367	178.79	2.6208	5.3781	0.0070600	vapor
77.400	0.13167	20.570	0.048615	1.5941	2.2342	169.13	20.883	29.371	178.78	2.6209	5.3783	0.0070602	vapor
77.400	0.13333	20.832	0.048004	1.5940	2.2341	169.02	20.884	29.374	178.78	2.6211	5.3784	0.0070605	vapor
77.400	0.13500	21.093	0.047408	1.5939	2.2339	168.92	20.885	29.378	178.77	2.6212	5.3785	0.0070607	vapor
77.400	0.13667	21.355	0.046827	1.5938	2.2338	168.81	20.887	29.381	178.76	2.6214	5.3786	0.0070609	vapor
77.400	0.13833	21.617	0.046259	1.5938	2.2337	168.71	20.888	29.385	178.76	2.6216	5.3788	0.0070611	vapor
77.400	0.14000	21.879	0.045705	1.5937	2.2335	168.61	20.889	29.388	178.75	2.6217	5.3789	0.0070613	vapor
77.400	0.14167	22.141	0.045165	1.5936	2.2334	168.51	20.890	29.392	178.74	2.6219	5.3790	0.0070615	vapor
77.400	0.14333	22.403	0.044636	1.5935	2.2333	168.41	20.892	29.395	178.73	2.6220	5.3791	0.0070617	vapor
77.400	0.14500	22.665	0.044120	1.5934	2.2332	168.32	20.893	29.399	178.73	2.6222	5.3793	0.0070620	vapor
77.400	0.14667	22.927	0.043616	1.5933	2.2330	168.22	20.894	29.402	178.72	2.6223	5.3794	0.0070622	vapor
77.400	0.14833	23.190	0.043123	1.5932	2.2329	168.13	20.895	29.406	178.71	2.6225	5.3795	0.0070624	vapor
77.400	0.15000	23.452	0.042641	1.5932	2.2328	168.03	20.896	29.409	178.71	2.6227	5.3796	0.0070626	vapor
77.400	0.15167	23.714	0.042169	1.5931	2.2326	167.94	20.898	29.413	178.70	2.6228	5.3798	0.0070628	vapor
77.400	0.15333	23.976	0.041708	1.5930	2.2325	167.85	20.899	29.416	178.69	2.6230	5.3799	0.0070630	vapor
77.400	0.15500	24.238	0.041257	1.5929	2.2324	167.76	20.900	29.420	178.69	2.6231	5.3800	0.0070633	vapor
77.400	0.15667	24.501	0.040815	1.5928	2.2323	167.67	20.901	29.423	178.68	2.6233	5.3801	0.0070635	vapor
77.400	0.15833	24.763	0.040383	1.5927	2.2321	167.58	20.902	29.427	178.67	2.6234	5.3803	0.0070637	vapor
77.400	0.16000	25.025	0.039959	1.5927	2.2320	167.49	20.904	29.430	178.66	2.6236	5.3804	0.0070639	vapor
77.400	0.16167	25.288	0.039545	1.5926	2.2319	167.40	20.905	29.433	178.66	2.6238	5.3805	0.0070641	vapor
77.400	0.16333	25.550	0.039138	1.5925	2.2317	167.31	20.906	29.437	178.65	2.6239	5.3806	0.0070643	vapor
77.400	0.16500	25.813	0.038740	1.5924	2.2316	167.23	20.907	29.440	178.64	2.6241	5.3808	0.0070645	vapor
77.400	0.16667	26.075	0.038350	1.5923	2.2315	167.14	20.909	29.444	178.64	2.6242	5.3809	0.0070648	vapor
77.400	0.16833	26.338	0.037968	1.5922	2.2314	167.06	20.910	29.447	178.63	2.6244	5.3810	0.0070650	vapor
77.400	0.17000	26.601	0.037593	1.5921	2.2312	166.98	20.911	29.451	178.62	2.6245	5.3811	0.0070652	vapor
77.400	0.17167	26.863	0.037226	1.5921	2.2311	166.90	20.912	29.454	178.62	2.6247	5.3813	0.0070654	vapor
77.400	0.17333	27.126	0.036865	1.5920	2.2310	166.81	20.914	29.458	178.61	2.6249	5.3814	0.0070656	vapor
77.400	0.17500	27.389	0.036512	1.5919	2.2308	166.73	20.915	29.461	178.60	2.6250	5.3815	0.0070659	vapor
77.400	0.17667	27.651	0.036165	1.5918	2.2307	166.65	20.916	29.465	178.59	2.6252	5.3817	0.0070661	vapor
77.400	0.17833	27.914	0.035824	1.5917	2.2306	166.57	20.917	29.468	178.59	2.6253	5.3818	0.0070663	vapor
77.400	0.18000	28.177	0.035490	1.5916	2.2305	166.50	20.918	29.472	178.58	2.6255	5.3819	0.0070665	vapor
77.400	0.18167	28.440	0.035162	1.5916	2.2303	166.42	20.920	29.476	178.57	2.6256	5.3820	0.0070667	vapor
77.400	0.18333	28.703	0.034840	1.5915	2.2302	166.34	20.921	29.479	178.57	2.6258	5.3822	0.0070669	vapor
77.400	0.18500	28.966	0.034524	1.5914	2.2301	166.26	20.922	29.483	178.56	2.6260	5.3823	0.0070672	vapor
77.400	0.18667	29.229	0.034213	1.5913	2.2299	166.19	20.923	29.486	178.55	2.6261	5.3824	0.0070674	vapor
77.400	0.18833	29.492	0.033908	1.5912	2.2298	166.11	20.925	29.490	178.54	2.6263	5.3825	0.0070676	vapor
77.400	0.19000	29.755	0.033608	1.5911	2.2297	166.04	20.926	29.493	178.54	2.6264	5.3827	0.0070678	vapor
77.400	0.19167	30.018	0.033314	1.5910	2.2296	165.97	20.927	29.497	178.53	2.6266	5.3828	0.0070680	vapor
77.400	0.19333	30.281	0.033024	1.5910	2.2294	165.89	20.928	29.500	178.52	2.6267	5.3829	0.0070682	vapor
77.400	0.19500	30.544	0.032740	1.5909	2.2293	165.82	20.930	29.504	178.52	2.6269	5.3830	0.0070685	vapor
77.400	0.19667	30.807	0.032460	1.5908	2.2292	165.75	20.931	29.507	178.51	2.6271	5.3832	0.0070687	vapor
77.400	0.19833	31.070	0.032185	1.5907	2.2290	165.68	20.932	29.511	178.50	2.6272	5.3833	0.0070689	vapor
77.400	0.20000	31.334	0.031915	1.5906	2.2289	165.61	20.933	29.514	178.50	2.6274	5.3834	0.0070691	vapor
77.400	0.20167	31.597	0.031649	1.5905	2.2288	165.54	20.934	29.518	178.49	2.6275	5.3835	0.0070693	vapor
77.400	0.20333	31.860	0.031387	1.5905	2.2287	165.47	20.936	29.521	178.48	2.6277	5.3837	0.0070696	vapor
77.400	0.20500	32.124	0.031130	1.5904	2.2285	165.40	20.937	29.525	178.47	2.6278	5.3838	0.0070698	vapor
77.400	0.20667	32.387	0.030876	1.5903	2.2284	165.33	20.938	29.528	178.47	2.6280	5.3839	0.0070700	vapor
77.400	0.20833	32.651	0.030627	1.5902	2.2283	165.26	20.939	29.532	178.46	2.6282	5.3840	0.0070702	vapor
77.400	0.21000	32.914	0.030382	1.5901	2.2281	165.19	20.941	29.535	178.45	2.6283	5.3842	0.0070704	vapor
77.400	0.21167	33.178	0.030141	1.5900	2.2280	165.13	20.942	29.539	178.45	2.6285	5.3843	0.0070707	vapor
77.400	0.21333	33.441	0.029903	1.5899	2.2279	165.06	20.943	29.543	178.44	2.6286	5.3844	0.0070709	vapor
77.400	0.21500	33.705	0.029669	1.5899	2.2277	165.00	20.944	29.546	178.43	2.6288	5.3845	0.0070711	vapor
77.400	0.21667	33.968	0.029439	1.5898	2.2276	164.93	20.946	29.550	178.42	2.6289	5.3847	0.0070713	vapor
77.400	0.21833	34.232	0.029212	1.5897	2.2275	164.86	20.947	29.553	178.42	2.6291	5.3848	0.0070715	vapor
77.400	0.22000	34.496	0.028989	1.5896	2.2274	164.80	20.948	29.557	178.41	2.6293	5.3849	0.0070718	vapor
77.400	0.22167	34.759	0.028769	1.5895	2.2272	164.74	20.949	29.560	178.40	2.6294	5.3851	0.0070720	vapor
77.400	0.22333	35.023	0.028552	1.5894	2.2271	164.67	20.951	29.564	178.40	2.6296	5.3852	0.0070722	vapor
77.400	0.22500	35.287	0.028339	1.5893	2.2270	164.61	20.952	29.567	178.39	2.6297	5.3853	0.0070724	vapor
77.400	0.22667	35.551	0.028129	1.5893	2.2268	164.55	20.953	29.571	178.38	2.6299	5.3854	0.0070726	vapor
77.400	0.22833	35.815	0.027921	1.5892	2.2267	164.49	20.954	29.575	178.38	2.6300	5.3856	0.0070729	vapor
77.400	0.23000	36.079	0.027717	1.5891	2.2266	164.42	20.956	29.578	178.37	2.6302	5.3857	0.0070731	vapor
77.400	0.23167	36.343	0.027516	1.5890	2.2265	164.36	20.957	29.582	178.36	2.6304	5.3858	0.0070733	vapor
77.400	0.23333	36.607	0.027317	1.5889	2.2263	164.30	20.958	29.585	178.35	2.6305	5.3859	0.0070735	vapor
77.400	0.23500	36.871	0.027122	1.5888	2.2262	164.24	20.959	29.589	178.35	2.6307	5.3861	0.0070737	vapor
77.400	0.23667	37.135	0.026929	1.5887	2.2261	164.18	20.961	29.592	178.34	2.6308	5.3862	0.0070740	vapor
77.400	0.23833	37.399	0.026739	1.5887	2.2259	164.12	20.962	29.596	178.33	2.6310	5.3863	0.0070742	vapor
77.400	0.24000	37.663	0.026551	1.5886	2.2258	164.06	20.963	29.600	178.33	2.6311	5.3864	0.0070744	vapor
77.400	0.24167	37.927	0.026366	1.5885	2.2257	164.01	20.964	29.603	178.32	2.6313	5.3866	0.0070746	vapor
77.400	0.24333	38.192	0.026184	1.5884	2.2255	163.95	20.966	29.607	178.31	2.6314	5.3867	0.0070749	vapor
77.400	0.24500	38.456	0.026004	1.5883	2.2254	163.89	20.967	29.610	178.30	2.6316	5.3868	0.0070751	vapor
77.400	0.24667	38.720	0.025826	1.5882	2.2253	163.83	20.968	29.614	178.30	2.6318	5.3869	0.0070753	vapor
77.400	0.24833	38.984	0.025651	1.5881	2.2252	163.77	20.969	29.617	178.29	2.6319	5.3871	0.0070755	vapor
77.400	0.25000	39.249	0.025478	1.5881	2.2250	163.72	20.971	29.621	178.28	2.6321	5.3872	0.0070757	vapor
77.400	0.25167	39.513	0.025308	1.5880	2.2249	163.66	20.972	29.625	178.28	2.6322	5.3873	0.0070760	vapor
77.400	0.25333	39.778	0.025140	1.5879	2.2248	163.61	20.973	29.628	178.27	2.6324	5.3875	0.0070762	vapor
77.400	0.25500	40.042	0.024974	1.5878	2.2246	163.55	20.974	29.632	178.26	2.6325	5.3876	0.0070764	vapor
77.400	0.25667	40.307	0.024810	1.5877	2.2245	163.49	20.976	29.635	178.25	2.6327	5.3877	0.0070766	vapor
77.400	0.25833	40.571	0.024648	1.5876	2.2244	163.44	20.977	29.639	178.25	2.6329	5.3878	0.0070769	vapor
77.400	0.26000	40.836	0.024488	1.5875	2.2242	163.38	20.978	29.643	178.24	2.6330	5.3880	0.0070771	vapor
77.400	0.26167	41.100	0.024331	1.5875	2.2241	163.33	20.979	29.646	178.23	2.6332	5.3881	0.0070773	vapor
77.400	0.26333	41.365	0.024175	1.5874	2.2240	163.28	20.981	29.650	178.23	2.6333	5.3882	0.0070775	vapor
77.400	0.26500	41.630	0.024021	1.5873	2.2239	163.22	20.982	29.653	178.22	2.6335	5.3883	0.0070778	vapor
77.400	0.26667	41.895	0.023869	1.5872	2.2237	163.17	20.983	29.657	178.21	2.6336	5.3885	0.0070780	vapor
77.400	0.26833	42.159	0.023720	1.5871	2.2236	163.12	20.984	29.661	178.20	2.6338	5.3886	0.0070782	vapor
77.400	0.27000	42.424	0.023571	1.5870	2.2235	163.06	20.986	29.664	178.20	2.6339	5.3887	0.0070784	vapor
77.400	0.27167	42.689	0.023425	1.5869	2.2233	163.01	20.987	29.668	178.19	2.6341	5.3888	0.0070787	vapor
77.400	0.27333	42.954	0.023281	1.5869	2.2232	162.96	20.988	29.671	178.18	2.6343	5.3890	0.0070789	vapor
77.400	0.27500	43.219	0.023138	1.5868	2.2231	162.91	20.989	29.675	178.18	2.6344	5.3891	0.0070791	vapor
77.400	0.27667	43.484	0.022997	1.5867	2.2229	162.86	20.991	29.679	178.17	2.6346	5.3892	0.0070793	vapor
77.400	0.27833	43.749	0.022858	1.5866	2.2228	162.81	20.992	29.682	178.16	2.6347	5.3893	0.0070795	vapor
77.400	0.28000	44.014	0.022720	1.5865	2.2227	162.76	20.993	29.686	178.15	2.6349	5.3895	0.0070798	vapor
77.400	0.28167	44.279	0.022584	1.5864	2.2226	162.70	20.994	29.689	178.15	2.6350	5.3896	0.0070800	vapor
77.400	0.28333	44.544	0.022450	1.5863	2.2224	162.65	20.996	29.693	178.14	2.6352	5.3897	0.0070802	vapor
77.400	0.28500	44.809	0.022317	1.5863	2.2223	162.60	20.997	29.697	178.13	2.6354	5.3899	0.0070804	vapor
77.400	0.28667	45.075	0.022185	1.5862	2.2222	162.56	20.998	29.700	178.13	2.6355	5.3900	0.0070807	vapor
77.400	0.28833	45.340	0.022056	1.5861	2.2220	162.51	20.999	29.704	178.12	2.6357	5.3901	0.0070809	vapor
77.400	0.29000	45.605	0.021927	1.5860	2.2219	162.46	21.001	29.708	178.11	2.6358	5.3902	0.0070811	vapor
77.400	0.29167	45.870	0.021801	1.5859	2.2218	162.41	21.002	29.711	178.10	2.6360	5.3904	0.0070814	vapor
77.400	0.29333	46.136	0.021675	1.5858	2.2216	162.36	21.003	29.715	178.10	2.6361	5.3905	0.0070816	vapor
77.400	0.29500	46.401	0.021551	1.5857	2.2215	162.31	21.005	29.718	178.09	2.6363	5.3906	0.0070818	vapor
77.400	0.29667	46.666	0.021429	1.5857	2.2214	162.26	21.006	29.722	178.08	2.6364	5.3907	0.0070820	vapor
77.400	0.29833	46.932	0.021307	1.5856	2.2212	162.22	21.007	29.726	178.08	2.6366	5.3909	0.0070823	vapor
77.400	0.30000	47.197	0.021188	1.5855	2.2211	162.17	21.008	29.729	178.07	2.6368	5.3910	0.0070825	vapor
77.400	0.30167	47.463	0.021069	1.5854	2.2210	162.12	21.010	29.733	178.06	2.6369	5.3911	0.0070827	vapor
77.400	0.30333	47.729	0.020952	1.5853	2.2209	162.07	21.011	29.737	178.05	2.6371	5.3913	0.0070829	vapor
77.400	0.30500	47.994	0.020836	1.5852	2.2207	162.03	21.012	29.740	178.05	2.6372	5.3914	0.0070832	vapor
77.400	0.30667	48.260	0.020721	1.5851	2.2206	161.98	21.013	29.744	178.04	2.6374	5.3915	0.0070834	vapor
77.400	0.30833	48.526	0.020608	1.5851	2.2205	161.93	21.015	29.748	178.03	2.6375	5.3916	0.0070836	vapor
77.400	0.31000	48.791	0.020495	1.5850	2.2203	161.89	21.016	29.751	178.03	2.6377	5.3918	0.0070838	vapor
77.400	0.31167	49.057	0.020384	1.5849	2.2202	161.84	21.017	29.755	178.02	2.6379	5.3919	0.0070841	vapor
77.400	0.31333	49.323	0.020275	1.5848	2.2201	161.80	21.019	29.759	178.01	2.6380	5.3920	0.0070843	vapor
77.400	0.31500	49.589	0.020166	1.5847	2.2199	161.75	21.020	29.762	178.00	2.6382	5.3921	0.0070845	vapor
77.400	0.31667	49.855	0.020058	1.5846	2.2198	161.71	21.021	29.766	178.00	2.6383	5.3923	0.0070848	vapor
77.400	0.31833	50.120	0.019952	1.5845	2.2197	161.66	21.022	29.769	177.99	2.6385	5.3924	0.0070850	vapor
77.400	0.32000	50.386	0.019847	1.5845	2.2195	161.62	21.024	29.773	177.98	2.6386	5.3925	0.0070852	vapor
77.400	0.32167	50.652	0.019742	1.5844	2.2194	161.57	21.025	29.777	177.98	2.6388	5.3927	0.0070854	vapor
77.400	0.32333	50.918	0.019639	1.5843	2.2193	161.53	21.026	29.780	177.97	2.6389	5.3928	0.0070857	vapor
77.400	0.32500	51.185	0.019537	1.5842	2.2192	161.49	21.027	29.784	177.96	2.6391	5.3929	0.0070859	vapor
77.400	0.32667	51.451	0.019436	1.5841	2.2190	161.44	21.029	29.788	177.95	2.6393	5.3930	0.0070861	vapor
77.400	0.32833	51.717	0.019336	1.5840	2.2189	161.40	21.030	29.791	177.95	2.6394	5.3932	0.0070863	vapor
77.400	0.33000	51.983	0.019237	1.5839	2.2188	161.36	21.031	29.795	177.94	2.6396	5.3933	0.0070866	vapor
77.400	0.33167	52.249	0.019139	1.5838	2.2186	161.31	21.033	29.799	177.93	2.6397	5.3934	0.0070868	vapor
77.400	0.33333	52.515	0.019042	1.5838	2.2185	161.27	21.034	29.803	177.93	2.6399	5.3935	0.0070870	vapor
77.400	0.33500	52.782	0.018946	1.5837	2.2184	161.23	21.035	29.806	177.92	2.6400	5.3937	0.0070873	vapor
77.400	0.33667	53.048	0.018851	1.5836	2.2182	161.18	21.036	29.810	177.91	2.6402	5.3938	0.0070875	vapor
77.400	0.33833	53.314	0.018757	1.5835	2.2181	161.14	21.038	29.814	177.90	2.6404	5.3939	0.0070877	vapor
77.400	0.34000	53.581	0.018663	1.5834	2.2180	161.10	21.039	29.817	177.90	2.6405	5.3941	0.0070880	vapor
77.400	0.34167	53.847	0.018571	1.5833	2.2178	161.06	21.040	29.821	177.89	2.6407	5.3942	0.0070882	vapor
77.400	0.34333	54.114	0.018480	1.5832	2.2177	161.02	21.041	29.825	177.88	2.6408	5.3943	0.0070884	vapor
77.400	0.34500	54.380	0.018389	1.5832	2.2176	160.98	21.043	29.828	177.88	2.6410	5.3944	0.0070886	vapor
77.400	0.34667	54.647	0.018299	1.5831	2.2174	160.93	21.044	29.832	177.87	2.6411	5.3946	0.0070889	vapor
77.400	0.34833	54.914	0.018210	1.5830	2.2173	160.89	21.045	29.836	177.86	2.6413	5.3947	0.0070891	vapor
77.400	0.35000	55.180	0.018122	1.5829	2.2172	160.85	21.047	29.839	177.85	2.6414	5.3948	0.0070893	vapor
77.400	0.35167	55.447	0.018035	1.5828	2.2171	160.81	21.048	29.843	177.85	2.6416	5.3949	0.0070896	vapor
77.400	0.35333	55.714	0.017949	1.5827	2.2169	160.77	21.049	29.847	177.84	2.6418	5.3951	0.0070898	vapor
77.400	0.35500	55.980	0.017863	1.5826	2.2168	160.73	21.050	29.850	177.83	2.6419	5.3952	0.0070900	vapor
77.400	0.35667	56.247	0.017779	1.5826	2.2167	160.69	21.052	29.854	177.83	2.6421	5.3953	0.0070903	vapor
77.400	0.35833	56.514	0.017695	1.5825	2.2165	160.65	21.053	29.858	177.82	2.6422	5.3955	0.0070905	vapor
77.400	0.36000	56.781	0.017612	1.5824	2.2164	160.61	21.054	29.862	177.81	2.6424	5.3956	0.0070907	vapor
77.400	0.36167	57.048	0.017529	1.5823	2.2163	160.57	21.056	29.865	177.80	2.6425	5.3957	0.0070909	vapor
77.400	0.36333	57.315	0.017448	1.5822	2.2161	160.53	21.057	29.869	177.80	2.6427	5.3958	0.0070912	vapor
77.400	0.36500	57.582	0.017367	1.5821	2.2160	160.49	21.058	29.873	177.79	2.6429	5.3960	0.0070914	vapor
77.400	0.36667	57.849	0.017286	1.5820	2.2159	160.45	21.059	29.876	177.78	2.6430	5.3961	0.0070916	vapor
77.400	0.36833	58.116	0.017207	1.5819	2.2157	160.42	21.061	29.880	177.78	2.6432	5.3962	0.0070919	vapor
77.400	0.37000	58.383	0.017128	1.5819	2.2156	160.38	21.062	29.884	177.77	2.6433	5.3963	0.0070921	vapor
77.400	0.37167	58.650	0.017050	1.5818	2.2155	160.34	21.063	29.888	177.76	2.6435	5.3965	0.0070923	vapor
77.400	0.37333	58.917	0.016973	1.5817	2.2153	160.30	21.065	29.891	177.75	2.6436	5.3966	0.0070926	vapor
77.400	0.37500	59.184	0.016896	1.5816	2.2152	160.26	21.066	29.895	177.75	2.6438	5.3967	0.0070928	vapor
77.400	0.37667	59.452	0.016820	1.5815	2.2151	160.22	21.067	29.899	177.74	2.6439	5.3969	0.0070930	vapor
77.400	0.37833	59.719	0.016745	1.5814	2.2149	160.19	21.068	29.902	177.73	2.6441	5.3970	0.0070933	vapor
77.400	0.38000	59.986	0.016670	1.5813	2.2148	160.15	21.070	29.906	177.72	2.6443	5.3971	0.0070935	vapor
77.400	0.38167	60.254	0.016597	1.5813	2.2147	160.11	21.071	29.910	177.72	2.6444	5.3972	0.0070937	vapor
77.400	0.38333	60.521	0.016523	1.5812	2.2146	160.07	21.072	29.914	177.71	2.6446	5.3974	0.0070940	vapor
77.400	0.38500	60.789	0.016450	1.5811	2.2144	160.04	21.074	29.917	177.70	2.6447	5.3975	0.0070942	vapor
77.400	0.38667	61.056	0.016378	1.5810	2.2143	160.00	21.075	29.921	177.70	2.6449	5.3976	0.0070944	vapor
77.400	0.38833	61.324	0.016307	1.5809	2.2142	159.96	21.076	29.925	177.69	2.6450	5.3978	0.0070947	vapor
77.400	0.39000	61.591	0.016236	1.5808	2.2140	159.93	21.078	29.929	177.68	2.6452	5.3979	0.0070949	vapor
77.400	0.39167	61.859	0.016166	1.5807	2.2139	159.89	21.079	29.932	177.67	2.6454	5.3980	0.0070951	vapor
77.400	0.39333	62.126	0.016096	1.5806	2.2138	159.85	21.080	29.936	177.67	2.6455	5.3981	0.0070954	vapor
77.400	0.39500	62.394	0.016027	1.5806	2.2136	159.82	21.081	29.940	177.66	2.6457	5.3983	0.0070956	vapor
77.400	0.39667	62.662	0.015959	1.5805	2.2135	159.78	21.083	29.944	177.65	2.6458	5.3984	0.0070958	vapor
77.400	0.39833	62.930	0.015891	1.5804	2.2134	159.74	21.084	29.947	177.65	2.6460	5.3985	0.0070961	vapor
77.400	0.40000	63.197	0.015823	1.5803	2.2132	159.71	21.085	29.951	177.64	2.6461	5.3986	0.0070963	vapor
77.400	0.40167	63.465	0.015757	1.5802	2.2131	159.67	21.087	29.955	177.63	2.6463	5.3988	0.0070965	vapor
77.400	0.40333	63.733	0.015690	1.5801	2.2130	159.64	21.088	29.959	177.62	2.6464	5.3989	0.0070968	vapor
77.400	0.40500	64.001	0.015625	1.5800	2.2128	159.60	21.089	29.962	177.62	2.6466	5.3990	0.0070970	vapor
77.400	0.40667	64.269	0.015560	1.5799	2.2127	159.57	21.091	29.966	177.61	2.6468	5.3992	0.0070972	vapor
77.400	0.40833	64.537	0.015495	1.5799	2.2126	159.53	21.092	29.970	177.60	2.6469	5.3993	0.0070975	vapor
77.400	0.41000	64.805	0.015431	1.5798	2.2124	159.50	21.093	29.974	177.60	2.6471	5.3994	0.0070977	vapor
77.400	0.41167	65.073	0.015367	1.5797	2.2123	159.46	21.094	29.977	177.59	2.6472	5.3995	0.0070979	vapor
77.400	0.41333	65.341	0.015304	1.5796	2.2122	159.43	21.096	29.981	177.58	2.6474	5.3997	0.0070982	vapor
77.400	0.41500	65.609	0.015242	1.5795	2.2120	159.39	21.097	29.985	177.57	2.6475	5.3998	0.0070984	vapor
77.400	0.41667	65.877	0.015180	1.5794	2.2119	159.36	21.098	29.989	177.57	2.6477	5.3999	0.0070986	vapor
77.400	0.41833	66.146	0.015118	1.5793	2.2118	159.32	21.100	29.992	177.56	2.6479	5.4001	0.0070989	vapor
77.400	0.42000	66.414	0.015057	1.5792	2.2116	159.29	21.101	29.996	177.55	2.6480	5.4002	0.0070991	vapor
77.400	0.42167	66.682	0.014996	1.5792	2.2115	159.26	21.102	30.000	177.54	2.6482	5.4003	0.0070993	vapor
77.400	0.42333	66.951	0.014936	1.5791	2.2114	159.22	21.104	30.004	177.54	2.6483	5.4004	0.0070996	vapor
77.400	0.42500	67.219	0.014877	1.5790	2.2112	159.19	21.105	30.008	177.53	2.6485	5.4006	0.0070998	vapor
77.400	0.42667	67.487	0.014818	1.5789	2.2111	159.15	21.106	30.011	177.52	2.6486	5.4007	0.0071001	vapor
77.400	0.42833	67.756	0.014759	1.5788	2.2110	159.12	21.107	30.015	177.52	2.6488	5.4008	0.0071003	vapor
77.400	0.43000	68.024	0.014701	1.5787	2.2109	159.09	21.109	30.019	177.51	2.6490	5.4010	0.0071005	vapor
77.400	0.43167	68.293	0.014643	1.5786	2.2107	159.05	21.110	30.023	177.50	2.6491	5.4011	0.0071008	vapor
77.400	0.43333	68.561	0.014585	1.5785	2.2106	159.02	21.111	30.027	177.49	2.6493	5.4012	0.0071010	vapor
77.400	0.43500	68.830	0.014529	1.5785	2.2105	158.99	21.113	30.030	177.49	2.6494	5.4013	0.0071012	vapor
77.400	0.43667	69.099	0.014472	1.5784	2.2103	158.95	21.114	30.034	177.48	2.6496	5.4015	0.0071015	vapor
77.400	0.43833	69.367	0.014416	1.5783	2.2102	158.92	21.115	30.038	177.47	2.6497	5.4016	0.0071017	vapor
77.400	0.44000	69.636	0.014360	1.5782	2.2101	158.89	21.117	30.042	177.46	2.6499	5.4017	0.0071019	vapor
77.400	0.44167	69.905	0.014305	1.5781	2.2099	158.86	21.118	30.046	177.46	2.6500	5.4019	0.0071022	vapor
77.400	0.44333	70.174	0.014250	1.5780	2.2098	158.82	21.119	30.049	177.45	2.6502	5.4020	0.0071024	vapor
77.400	0.44500	70.443	0.014196	1.5779	2.2097	158.79	21.121	30.053	177.44	2.6504	5.4021	0.0071027	vapor
77.400	0.44667	70.712	0.014142	1.5778	2.2095	158.76	21.122	30.057	177.44	2.6505	5.4022	0.0071029	vapor
77.400	0.44833	70.980	0.014088	1.5778	2.2094	158.73	21.123	30.061	177.43	2.6507	5.4024	0.0071031	vapor
77.400	0.45000	71.249	0.014035	1.5777	2.2093	158.70	21.124	30.065	177.42	2.6508	5.4025	0.0071034	vapor
77.400	0.45167	71.518	0.013982	1.5776	2.2091	158.66	21.126	30.068	177.41	2.6510	5.4026	0.0071036	vapor
77.400	0.45333	71.787	0.013930	1.5775	2.2090	158.63	21.127	30.072	177.41	2.6511	5.4028	0.0071039	vapor
77.400	0.45500	72.057	0.013878	1.5774	2.2089	158.60	21.128	30.076	177.40	2.6513	5.4029	0.0071041	vapor
77.400	0.45667	72.326	0.013826	1.5773	2.2087	158.57	21.130	30.080	177.39	2.6515	5.4030	0.0071043	vapor
77.400	0.45833	72.595	0.013775	1.5772	2.2086	158.54	21.131	30.084	177.38	2.6516	5.4031	0.0071046	vapor
77.400	0.46000	72.864	0.013724	1.5771	2.2085	158.51	21.132	30.087	177.38	2.6518	5.4033	0.0071048	vapor
77.400	0.46167	73.133	0.013674	1.5771	2.2083	158.47	21.134	30.091	177.37	2.6519	5.4034	0.0071050	vapor
77.400	0.46333	73.403	0.013623	1.5770	2.2082	158.44	21.135	30.095	177.36	2.6521	5.4035	0.0071053	vapor
77.400	0.46500	73.672	0.013574	1.5769	2.2081	158.41	21.136	30.099	177.36	2.6522	5.4037	0.0071055	vapor
77.400	0.46667	73.941	0.013524	1.5768	2.2079	158.38	21.138	30.103	177.35	2.6524	5.4038	0.0071058	vapor
77.400	0.46833	74.211	0.013475	1.5767	2.2078	158.35	21.139	30.107	177.34	2.6526	5.4039	0.0071060	vapor
77.400	0.47000	74.480	0.013426	1.5766	2.2077	158.32	21.140	30.110	177.33	2.6527	5.4040	0.0071062	vapor
77.400	0.47167	74.750	0.013378	1.5765	2.2075	158.29	21.142	30.114	177.33	2.6529	5.4042	0.0071065	vapor
77.400	0.47333	75.019	0.013330	1.5764	2.2074	158.26	21.143	30.118	177.32	2.6530	5.4043	0.0071067	vapor
77.400	0.47500	75.289	0.013282	1.5764	2.2073	158.23	21.144	30.122	177.31	2.6532	5.4044	0.0071070	vapor
77.400	0.47667	75.558	0.013235	1.5763	2.2071	158.20	21.146	30.126	177.30	2.6533	5.4046	0.0071072	vapor
77.400	0.47833	75.828	0.013188	1.5762	2.2070	158.17	21.147	30.130	177.30	2.6535	5.4047	0.0071074	vapor
77.400	0.48000	76.098	0.013141	1.5761	2.2069	158.14	21.148	30.133	177.29	2.6537	5.4048	0.0071077	vapor
77.400	0.48167	76.367	0.013095	1.5760	2.2067	158.11	21.150	30.137	177.28	2.6538	5.4049	0.0071079	vapor
77.400	0.48333	76.637	0.013048	1.5759	2.2066	158.08	21.151	30.141	177.28	2.6540	5.4051	0.0071082	vapor
77.400	0.48500	76.907	0.013003	1.5758	2.2065	158.05	21.152	30.145	177.27	2.6541	5.4052	0.0071084	vapor
77.400	0.48667	77.177	0.012957	1.5757	2.2063	158.02	21.154	30.149	177.26	2.6543	5.4053	0.0071086	vapor
77.400	0.48833	77.447	0.012912	1.5757	2.2062	157.99	21.155	30.153	177.25	2.6544	5.4055	0.0071089	vapor
77.400	0.49000	77.717	0.012867	1.5756	2.2061	157.96	21.156	30.157	177.25	2.6546	5.4056	0.0071091	vapor
77.400	0.49167	77.987	0.012823	1.5755	2.2059	157.93	21.158	30.160	177.24	2.6548	5.4057	0.0071094	vapor
77.400	0.49333	78.257	0.012778	1.5754	2.2058	157.90	21.159	30.164	177.23	2.6549	5.4058	0.0071096	vapor
77.400	0.49500	78.527	0.012735	1.5753	2.2057	157.87	21.160	30.168	177.22	2.6551	5.4060	0.0071098	vapor
77.400	0.49667	78.797	0.012691	1.5752	2.2055	157.84	21.162	30.172	177.22	2.6552	5.4061	0.0071101	vapor
77.400	0.49833	79.067	0.012648	1.5751	2.2054	157.81	21.163	30.176	177.21	2.6554	5.4062	0.0071103	vapor
77.400	0.50000	79.337	0.012604	1.5750	2.2053	157.78	21.164	30.180	177.20	2.6555	5.4064	0.0071106	vapor
77.400	0.50167	79.607	0.012562	1.5750	2.2051	157.76	21.166	30.184	177.20	2.6557	5.4065	0.0071108	vapor
77.400	0.50333	79.877	0.012519	1.5749	2.2050	157.73	21.167	30.188	177.19	2.6559	5.4066	0.0071111	vapor
77.400	0.50500	80.148	0.012477	1.5748	2.2049	157.70	21.168	30.191	177.18	2.6560	5.4068	0.0071113	vapor
77.400	0.50667	80.418	0.012435	1.5747	2.2047	157.67	21.170	30.195	177.17	2.6562	5.4069	0.0071115	vapor
77.400	0.50833	80.688	0.012393	1.5746	2.2046	157.64	21.171	30.199	177.17	2.6563	5.4070	0.0071118	vapor
77.400	0.51000	80.959	0.012352	1.5745	2.2045	157.61	21.172	30.203	177.16	2.6565	5.4071	0.0071120	vapor
77.400	0.51167	81.229	0.012311	1.5744	2.2043	157.58	21.174	30.207	177.15	2.6566	5.4073	0.0071123	vapor
77.400	0.51333	81.500	0.012270	1.5743	2.2042	157.56	21.175	30.211	177.14	2.6568	5.4074	0.0071125	vapor
77.400	0.51500	81.770	0.012229	1.5742	2.2041	157.53	21.176	30.215	177.14	2.6570	5.4075	0.0071128	vapor
77.400	0.51667	82.041	0.012189	1.5742	2.2039	157.50	21.178	30.219	177.13	2.6571	5.4077	0.0071130	vapor
77.400	0.51833	82.311	0.012149	1.5741	2.2038	157.47	21.179	30.222	177.12	2.6573	5.4078	0.0071132	vapor
77.400	0.52000	82.582	0.012109	1.5740	2.2037	157.44	21.180	30.226	177.11	2.6574	5.4079	0.0071135	vapor
77.400	0.52167	82.853	0.012070	1.5739	2.2035	157.42	21.182	30.230	177.11	2.6576	5.4080	0.0071137	vapor
77.400	0.52333	83.123	0.012030	1.5738	2.2034	157.39	21.183	30.234	177.10	2.6577	5.4082	0.0071140	vapor
77.400	0.52500	83.394	0.011991	1.5737	2.2033	157.36	21.184	30.238	177.09	2.6579	5.4083	0.0071142	vapor
77.400	0.52667	83.665	0.011952	1.5736	2.2031	157.33	21.186	30.242	177.09	2.6581	5.4084	0.0071145	vapor
77.400	0.52833	83.936	0.011914	1.5735	2.2030	157.31	21.187	30.246	177.08	2.6582	5.4086	0.0071147	vapor
77.400	0.53000	84.207	0.011876	1.5735	2.2029	157.28	21.188	30.250	177.07	2.6584	5.4087	0.0071150	vapor
77.400	0.53167	84.478	0.011837	1.5734	2.2027	157.25	21.190	30.254	177.06	2.6585	5.4088	0.0071152	vapor
77.400	0.53333	84.749	0.011800	1.5733	2.2026	157.23	21.191	30.258	177.06	2.6587	5.4090	0.0071154	vapor
77.400	0.53500	85.020	0.011762	1.5732	2.2025	157.20	21.192	30.262	177.05	2.6589	5.4091	0.0071157	vapor
77.400	0.53667	85.291	0.011725	1.5731	2.2023	157.17	21.194	30.265	177.04	2.6590	5.4092	0.0071159	vapor
77.400	0.53833	85.562	0.011687	1.5730	2.2022	157.14	21.195	30.269	177.03	2.6592	5.4093	0.0071162	vapor
77.400	0.54000	85.833	0.011651	1.5729	2.2020	157.12	21.196	30.273	177.03	2.6593	5.4095	0.0071164	vapor
77.400	0.54167	86.104	0.011614	1.5728	2.2019	157.09	21.198	30.277	177.02	2.6595	5.4096	0.0071167	vapor
77.400	0.54333	86.375	0.011577	1.5727	2.2018	157.06	21.199	30.281	177.01	2.6596	5.4097	0.0071169	vapor
77.400	0.54500	86.647	0.011541	1.5727	2.2016	157.04	21.200	30.285	177.00	2.6598	5.4099	0.0071172	vapor
77.400	0.54667	86.918	0.011505	1.5726	2.2015	157.01	21.202	30.289	177.00	2.6600	5.4100	0.0071174	vapor
77.400	0.54833	87.189	0.011469	1.5725	2.2014	156.98	21.203	30.293	176.99	2.6601	5.4101	0.0071177	vapor
77.400	0.55000	87.461	0.011434	1.5724	2.2012	156.96	21.204	30.297	176.98	2.6603	5.4102	0.0071179	vapor
77.400	0.55167	87.732	0.011398	1.5723	2.2011	156.93	21.206	30.301	176.98	2.6604	5.4104	0.0071181	vapor
77.400	0.55333	88.003	0.011363	1.5722	2.2010	156.91	21.207	30.305	176.97	2.6606	5.4105	0.0071184	vapor
77.400	0.55500	88.275	0.011328	1.5721	2.2008	156.88	21.208	30.309	176.96	2.6607	5.4106	0.0071186	vapor
77.400	0.55667	88.546	0.011294	1.5720	2.2007	156.85	21.210	30.313	176.95	2.6609	5.4108	0.0071189	vapor
77.400	0.55833	88.818	0.011259	1.5719	2.2006	156.83	21.211	30.317	176.95	2.6611	5.4109	0.0071191	vapor
77.400	0.56000	89.090	0.011225	1.5719	2.2004	156.80	21.212	30.320	176.94	2.6612	5.4110	0.0071194	vapor
77.400	0.56167	89.361	0.011191	1.5718	2.2003	156.77	21.214	30.324	176.93	2.6614	5.4112	0.0071196	vapor
77.400	0.56333	89.633	0.011157	1.5717	2.2002	156.75	21.215	30.328	176.92	2.6615	5.4113	0.0071199	vapor
77.400	0.56500	89.905	0.011123	1.5716	2.2000	156.72	21.217	30.332	176.92	2.6617	5.4114	0.0071201	vapor
77.400	0.56667	90.176	0.011089	1.5715	2.1999	156.70	21.218	30.336	176.91	2.6619	5.4115	0.0071204	vapor
77.400	0.56833	90.448	0.011056	1.5714	2.1998	156.67	21.219	30.340	176.90	2.6620	5.4117	0.0071206	vapor
77.400	0.57000	90.720	0.011023	1.5713	2.1996	156.65	21.221	30.344	176.89	2.6622	5.4118	0.0071209	vapor
77.400	0.57167	90.992	0.010990	1.5712	2.1995	156.62	21.222	30.348	176.89	2.6623	5.4119	0.0071211	vapor
77.400	0.57333	91.264	0.010957	1.5711	2.1994	156.60	21.223	30.352	176.88	2.6625	5.4121	0.0071214	vapor
77.400	0.57500	91.536	0.010925	1.5711	2.1992	156.57	21.225	30.356	176.87	2.6626	5.4122	0.0071216	vapor
77.400	0.57667	91.808	0.010892	1.5710	2.1991	156.55	21.226	30.360	176.87	2.6628	5.4123	0.0071219	vapor
77.400	0.57833	92.080	0.010860	1.5709	2.1990	156.52	21.227	30.364	176.86	2.6630	5.4125	0.0071221	vapor
77.400	0.58000	92.352	0.010828	1.5708	2.1988	156.50	21.229	30.368	176.85	2.6631	5.4126	0.0071223	vapor
77.400	0.58167	92.624	0.010796	1.5707	2.1987	156.47	21.230	30.372	176.84	2.6633	5.4127	0.0071226	vapor
77.400	0.58333	92.896	0.010765	1.5706	2.1986	156.45	21.231	30.376	176.84	2.6634	5.4128	0.0071228	vapor
77.400	0.58500	93.169	0.010733	1.5705	2.1984	156.42	21.233	30.380	176.83	2.6636	5.4130	0.0071231	vapor
77.400	0.58667	93.441	0.010702	1.5704	2.1983	156.40	21.234	30.384	176.82	2.6638	5.4131	0.0071233	vapor
77.400	0.58833	93.713	0.010671	1.5703	2.1981	156.37	21.236	30.388	176.81	2.6639	5.4132	0.0071236	vapor
77.400	0.59000	93.986	0.010640	1.5703	2.1980	156.35	21.237	30.392	176.81	2.6641	5.4134	0.0071238	vapor
77.400	0.59167	94.258	0.010609	1.5702	2.1979	156.32	21.238	30.396	176.80	2.6642	5.4135	0.0071241	vapor
77.400	0.59333	94.530	0.010579	1.5701	2.1977	156.30	21.240	30.400	176.79	2.6644	5.4136	0.0071243	vapor
77.400	0.59500	94.803	0.010548	1.5700	2.1976	156.27	21.241	30.404	176.78	2.6646	5.4138	0.0071246	vapor
77.400	0.59667	95.075	0.010518	1.5699	2.1975	156.25	21.242	30.408	176.78	2.6647	5.4139	0.0071248	vapor
77.400	0.59833	95.348	0.010488	1.5698	2.1973	156.22	21.244	30.412	176.77	2.6649	5.4140	0.0071251	vapor
77.400	0.60000	95.620	0.010458	1.5697	2.1972	156.20	21.245	30.416	176.76	2.6650	5.4141	0.0071253	vapor
77.400	0.60167	95.893	0.010428	1.5696	2.1971	156.17	21.246	30.420	176.75	2.6652	5.4143	0.0071256	vapor
77.400	0.60333	96.166	0.010399	1.5695	2.1969	156.15	21.248	30.424	176.75	2.6654	5.4144	0.0071258	vapor
77.400	0.60500	96.438	0.010369	1.5695	2.1968	156.13	21.249	30.428	176.74	2.6655	5.4145	0.0071261	vapor
77.400	0.60667	96.711	0.010340	1.5694	2.1967	156.10	21.251	30.432	176.73	2.6657	5.4147	0.0071263	vapor
77.400	0.60833	96.984	0.010311	1.5693	2.1965	156.08	21.252	30.436	176.72	2.6658	5.4148	0.0071266	vapor
77.400	0.61000	97.257	0.010282	1.5692	2.1964	156.05	21.253	30.440	176.72	2.6660	5.4149	0.0071268	vapor
77.400	0.61167	97.530	0.010253	1.5691	2.1963	156.03	21.255	30.444	176.71	2.6661	5.4151	0.0071271	vapor
77.400	0.61333	97.803	0.010225	1.5690	2.1961	156.01	21.256	30.448	176.70	2.6663	5.4152	0.0071273	vapor
77.400	0.61500	98.076	0.010196	1.5689	2.1960	155.98	21.257	30.452	176.70	2.6665	5.4153	0.0071276	vapor
77.400	0.61667	98.349	0.010168	1.5688	2.1959	155.96	21.259	30.456	176.69	2.6666	5.4155	0.0071279	vapor
77.400	0.61833	98.622	0.010140	1.5687	2.1957	155.94	21.260	30.460	176.68	2.6668	5.4156	0.0071281	vapor
77.400	0.62000	98.895	0.010112	1.5687	2.1956	155.91	21.261	30.464	176.67	2.6669	5.4157	0.0071284	vapor
77.400	0.62167	99.168	0.010084	1.5686	2.1954	155.89	21.263	30.468	176.67	2.6671	5.4158	0.0071286	vapor
77.400	0.62333	99.441	0.010056	1.5685	2.1953	155.87	21.264	30.472	176.66	2.6673	5.4160	0.0071289	vapor
77.400	0.62500	99.714	0.010029	1.5684	2.1952	155.84	21.266	30.476	176.65	2.6674	5.4161	0.0071291	vapor
77.400	0.62667	99.988	0.010001	1.5683	2.1950	155.82	21.267	30.480	176.64	2.6676	5.4162	0.0071294	vapor
77.400	0.62833	100.26	0.0099740	1.5682	2.1949	155.80	21.268	30.484	176.64	2.6677	5.4164	0.0071296	vapor
77.400	0.63000	100.53	0.0099469	1.5681	2.1948	155.77	21.270	30.488	176.63	2.6679	5.4165	0.0071299	vapor
77.400	0.63167	100.81	0.0099199	1.5680	2.1946	155.75	21.271	30.492	176.62	2.6681	5.4166	0.0071301	vapor
77.400	0.63333	101.08	0.0098931	1.5679	2.1945	155.73	21.272	30.496	176.61	2.6682	5.4168	0.0071304	vapor
77.400	0.63500	101.35	0.0098664	1.5678	2.1944	155.70	21.274	30.500	176.61	2.6684	5.4169	0.0071306	vapor
77.400	0.63667	101.63	0.0098398	1.5678	2.1942	155.68	21.275	30.504	176.60	2.6685	5.4170	0.0071309	vapor
77.400	0.63833	101.90	0.0098134	1.5677	2.1941	155.66	21.277	30.508	176.59	2.6687	5.4171	0.0071311	vapor
77.400	0.64000	102.18	0.0097871	1.5676	2.1940	155.63	21.278	30.512	176.58	2.6689	5.4173	0.0071314	vapor
77.400	0.64167	102.45	0.0097610	1.5675	2.1938	155.61	21.279	30.516	176.58	2.6690	5.4174	0.0071316	vapor
77.400	0.64333	102.72	0.0097350	1.5674	2.1937	155.59	21.281	30.520	176.57	2.6692	5.4175	0.0071319	vapor
77.400	0.64500	103.00	0.0097091	1.5673	2.1935	155.57	21.282	30.525	176.56	2.6693	5.4177	0.0071322	vapor
77.400	0.64667	103.27	0.0096834	1.5672	2.1934	155.54	21.284	30.529	176.55	2.6695	5.4178	0.0071324	vapor
77.400	0.64833	103.54	0.0096578	1.5671	2.1933	155.52	21.285	30.533	176.55	2.6697	5.4179	0.0071327	vapor
77.400	0.65000	103.82	0.0096323	1.5670	2.1931	155.50	21.286	30.537	176.54	2.6698	5.4181	0.0071329	vapor
77.400	0.65167	104.09	0.0096070	1.5669	2.1930	155.48	21.288	30.541	176.53	2.6700	5.4182	0.0071332	vapor
77.400	0.65333	104.37	0.0095817	1.5669	2.1929	155.45	21.289	30.545	176.52	2.6701	5.4183	0.0071334	vapor
77.400	0.65500	104.64	0.0095566	1.5668	2.1927	155.43	21.290	30.549	176.52	2.6703	5.4185	0.0071337	vapor
77.400	0.65667	104.91	0.0095317	1.5667	2.1926	155.41	21.292	30.553	176.51	2.6705	5.4186	0.0071339	vapor
77.400	0.65833	105.19	0.0095069	1.5666	2.1925	155.39	21.293	30.557	176.50	2.6706	5.4187	0.0071342	vapor
77.400	0.66000	105.46	0.0094822	1.5665	2.1923	155.36	21.295	30.561	176.49	2.6708	5.4189	0.0071344	vapor
77.400	0.66167	105.74	0.0094576	1.5664	2.1922	155.34	21.296	30.565	176.49	2.6709	5.4190	0.0071347	vapor
77.400	0.66333	106.01	0.0094331	1.5663	2.1921	155.32	21.297	30.569	176.48	2.6711	5.4191	0.0071350	vapor
77.400	0.66500	106.28	0.0094088	1.5662	2.1919	155.30	21.299	30.573	176.47	2.6713	5.4192	0.0071352	vapor
77.400	0.66667	106.56	0.0093846	1.5661	2.1918	155.28	21.300	30.577	176.47	2.6714	5.4194	0.0071355	vapor
77.400	0.66833	106.83	0.0093605	1.5661	2.1916	155.25	21.302	30.581	176.46	2.6716	5.4195	0.0071357	vapor
77.400	0.67000	107.11	0.0093365	1.5660	2.1915	155.23	21.303	30.586	176.45	2.6718	5.4196	0.0071360	vapor
77.400	0.67167	107.38	0.0093126	1.5659	2.1914	155.21	21.304	30.590	176.44	2.6719	5.4198	0.0071362	vapor
77.400	0.67333	107.66	0.0092889	1.5658	2.1912	155.19	21.306	30.594	176.44	2.6721	5.4199	0.0071365	vapor
77.400	0.67500	107.93	0.0092653	1.5657	2.1911	155.17	21.307	30.598	176.43	2.6722	5.4200	0.0071367	vapor
77.400	0.67667	108.20	0.0092418	1.5656	2.1910	155.15	21.309	30.602	176.42	2.6724	5.4202	0.0071370	vapor
77.400	0.67833	108.48	0.0092184	1.5655	2.1908	155.12	21.310	30.606	176.41	2.6726	5.4203	0.0071373	vapor
77.400	0.68000	108.75	0.0091951	1.5654	2.1907	155.10	21.311	30.610	176.41	2.6727	5.4204	0.0071375	vapor
77.400	0.68167	109.03	0.0091719	1.5653	2.1906	155.08	21.313	30.614	176.40	2.6729	5.4206	0.0071378	vapor
77.400	0.68333	109.30	0.0091489	1.5652	2.1904	155.06	21.314	30.618	176.39	2.6730	5.4207	0.0071380	vapor
77.400	0.68500	109.58	0.0091260	1.5652	2.1903	155.04	21.315	30.622	176.38	2.6732	5.4208	0.0071383	vapor
77.400	0.68667	109.85	0.0091031	1.5651	2.1901	155.02	21.317	30.627	176.38	2.6734	5.4210	0.0071385	vapor
77.400	0.68833	110.13	0.0090804	1.5650	2.1900	154.99	21.318	30.631	176.37	2.6735	5.4211	0.0071388	vapor
77.400	0.69000	110.40	0.0090578	1.5649	2.1899	154.97	21.320	30.635	176.36	2.6737	5.4212	0.0071391	vapor
77.400	0.69167	110.68	0.0090353	1.5648	2.1897	154.95	21.321	30.639	176.35	2.6738	5.4213	0.0071393	vapor
77.400	0.69333	110.95	0.0090129	1.5647	2.1896	154.93	21.322	30.643	176.35	2.6740	5.4215	0.0071396	vapor
77.400	0.69500	111.23	0.0089906	1.5646	2.1895	154.91	21.324	30.647	176.34	2.6742	5.4216	0.0071398	vapor
77.400	0.69667	111.50	0.0089685	1.5645	2.1893	154.89	21.325	30.651	176.33	2.6743	5.4217	0.0071401	vapor
77.400	0.69833	111.78	0.0089464	1.5644	2.1892	154.87	21.327	30.655	176.32	2.6745	5.4219	0.0071404	vapor
77.400	0.70000	112.05	0.0089244	1.5643	2.1890	154.85	21.328	30.660	176.32	2.6747	5.4220	0.0071406	vapor
77.400	0.70167	112.33	0.0089026	1.5642	2.1889	154.83	21.329	30.664	176.31	2.6748	5.4221	0.0071409	vapor
77.400	0.70333	112.60	0.0088808	1.5642	2.1888	154.81	21.331	30.668	176.30	2.6750	5.4223	0.0071411	vapor
77.400	0.70500	112.88	0.0088592	1.5641	2.1886	154.78	21.332	30.672	176.29	2.6751	5.4224	0.0071414	vapor
77.400	0.70667	113.15	0.0088376	1.5640	2.1885	154.76	21.334	30.676	176.29	2.6753	5.4225	0.0071416	vapor
77.400	0.70833	113.43	0.0088162	1.5639	2.1884	154.74	21.335	30.680	176.28	2.6755	5.4227	0.0071419	vapor
77.400	0.71000	113.70	0.0087948	1.5638	2.1882	154.72	21.337	30.684	176.27	2.6756	5.4228	0.0071422	vapor
77.400	0.71167	113.98	0.0087736	1.5637	2.1881	154.70	21.338	30.689	176.26	2.6758	5.4229	0.0071424	vapor
77.400	0.71333	114.25	0.0087524	1.5636	2.1880	154.68	21.339	30.693	176.26	2.6759	5.4231	0.0071427	vapor
77.400	0.71500	114.53	0.0087314	1.5635	2.1878	154.66	21.341	30.697	176.25	2.6761	5.4232	0.0071429	vapor
77.400	0.71667	114.81	0.0087104	1.5634	2.1877	154.64	21.342	30.701	176.24	2.6763	5.4233	0.0071432	vapor
77.400	0.71833	115.08	0.0086896	1.5633	2.1875	154.62	21.344	30.705	176.23	2.6764	5.4234	0.0071435	vapor
77.400	0.72000	115.36	0.0086688	1.5633	2.1874	154.60	21.345	30.709	176.23	2.6766	5.4236	0.0071437	vapor
77.400	0.72167	115.63	0.0086481	1.5632	2.1873	154.58	21.346	30.713	176.22	2.6768	5.4237	0.0071440	vapor
77.400	0.72333	115.91	0.0086276	1.5631	2.1871	154.56	21.348	30.718	176.21	2.6769	5.4238	0.0071443	vapor
77.400	0.72500	116.18	0.0086071	1.5630	2.1870	154.54	21.349	30.722	176.20	2.6771	5.4240	0.0071445	vapor
77.400	0.72667	116.46	0.0085867	1.5629	2.1869	154.52	21.351	30.726	176.20	2.6772	5.4241	0.0071448	vapor
77.400	0.72833	116.73	0.0085664	1.5628	2.1867	154.50	21.352	30.730	176.19	2.6774	5.4242	0.0071450	vapor
77.400	0.73000	117.01	0.0085462	1.5627	2.1866	154.48	21.353	30.734	176.18	2.6776	5.4244	0.0071453	vapor
77.400	0.73167	117.29	0.0085261	1.5626	2.1864	154.46	21.355	30.738	176.17	2.6777	5.4245	0.0071456	vapor
77.400	0.73333	117.56	0.0085061	1.5625	2.1863	154.44	21.356	30.743	176.17	2.6779	5.4246	0.0071458	vapor
77.400	0.73500	117.84	0.0084862	1.5624	2.1862	154.42	21.358	30.747	176.16	2.6781	5.4248	0.0071461	vapor
77.400	0.73667	118.11	0.0084663	1.5623	2.1860	154.40	21.359	30.751	176.15	2.6782	5.4249	0.0071463	vapor
77.400	0.73833	118.39	0.0084466	1.5623	2.1859	154.38	21.361	30.755	176.14	2.6784	5.4250	0.0071466	vapor
77.400	0.74000	118.67	0.0084270	1.5622	2.1858	154.36	21.362	30.759	176.14	2.6786	5.4252	0.0071469	vapor
77.400	0.74167	118.94	0.0084074	1.5621	2.1856	154.34	21.363	30.764	176.13	2.6787	5.4253	0.0071471	vapor
77.400	0.74333	119.22	0.0083879	1.5620	2.1855	154.32	21.365	30.768	176.12	2.6789	5.4254	0.0071474	vapor
77.400	0.74500	119.50	0.0083685	1.5619	2.1854	154.30	21.366	30.772	176.11	2.6790	5.4256	0.0071477	vapor
77.400	0.74667	119.77	0.0083492	1.5618	2.1852	154.28	21.368	30.776	176.11	2.6792	5.4257	0.0071479	vapor
77.400	0.74833	120.05	0.0083300	1.5617	2.1851	154.26	21.369	30.780	176.10	2.6794	5.4258	0.0071482	vapor
77.400	0.75000	120.32	0.0083109	1.5616	2.1849	154.24	21.370	30.784	176.09	2.6795	5.4260	0.0071484	vapor
77.400	0.75167	120.60	0.0082918	1.5615	2.1848	154.22	21.372	30.789	176.08	2.6797	5.4261	0.0071487	vapor
77.400	0.75333	120.88	0.0082728	1.5614	2.1847	154.20	21.373	30.793	176.08	2.6799	5.4262	0.0071490	vapor
77.400	0.75500	121.15	0.0082540	1.5614	2.1845	154.18	21.375	30.797	176.07	2.6800	5.4264	0.0071492	vapor
77.400	0.75667	121.43	0.0082352	1.5613	2.1844	154.16	21.376	30.801	176.06	2.6802	5.4265	0.0071495	vapor
77.400	0.75833	121.71	0.0082165	1.5612	2.1842	154.14	21.378	30.806	176.05	2.6803	5.4266	0.0071498	vapor
77.400	0.76000	121.98	0.0081978	1.5611	2.1841	154.12	21.379	30.810	176.05	2.6805	5.4267	0.0071500	vapor
77.400	0.76167	122.26	0.0081793	1.5610	2.1840	154.10	21.380	30.814	176.04	2.6807	5.4269	0.0071503	vapor
77.400	0.76333	122.54	0.0081608	1.5609	2.1838	154.08	21.382	30.818	176.03	2.6808	5.4270	0.0071506	vapor
77.400	0.76500	122.81	0.0081424	1.5608	2.1837	154.06	21.383	30.822	176.02	2.6810	5.4271	0.0071508	vapor
77.400	0.76667	123.09	0.0081241	1.5607	2.1836	154.04	21.385	30.827	176.02	2.6812	5.4273	0.0071511	vapor
77.400	0.76833	123.37	0.0081059	1.5606	2.1834	154.02	21.386	30.831	176.01	2.6813	5.4274	0.0071513	vapor
77.400	0.77000	123.64	0.0080877	1.5605	2.1833	154.00	21.388	30.835	176.00	2.6815	5.4275	0.0071516	vapor
77.400	0.77167	123.92	0.0080696	1.5604	2.1831	153.99	21.389	30.839	175.99	2.6817	5.4277	0.0071519	vapor
77.400	0.77333	124.20	0.0080516	1.5603	2.1830	153.97	21.390	30.844	175.99	2.6818	5.4278	0.0071521	vapor
77.400	0.77500	124.48	0.0080337	1.5603	2.1829	153.95	21.392	30.848	175.98	2.6820	5.4279	0.0071524	vapor
77.400	0.77667	124.75	0.0080159	1.5602	2.1827	153.93	21.393	30.852	175.97	2.6822	5.4281	0.0071527	vapor
77.400	0.77833	125.03	0.0079981	1.5601	2.1826	153.91	21.395	30.856	175.96	2.6823	5.4282	0.0071529	vapor
77.400	0.78000	125.31	0.0079804	1.5600	2.1825	153.89	21.396	30.860	175.96	2.6825	5.4283	0.0071532	vapor
77.400	0.78167	125.58	0.0079628	1.5599	2.1823	153.87	21.398	30.865	175.95	2.6826	5.4285	0.0071535	vapor
77.400	0.78333	125.86	0.0079453	1.5598	2.1822	153.85	21.399	30.869	175.94	2.6828	5.4286	0.0071537	vapor
77.400	0.78500	126.14	0.0079278	1.5597	2.1820	153.83	21.400	30.873	175.93	2.6830	5.4287	0.0071540	vapor
77.400	0.78667	126.42	0.0079104	1.5596	2.1819	153.81	21.402	30.877	175.93	2.6831	5.4289	0.0071543	vapor
77.400	0.78833	126.69	0.0078931	1.5595	2.1818	153.80	21.403	30.882	175.92	2.6833	5.4290	0.0071545	vapor
77.400	0.79000	126.97	0.0078759	1.5594	2.1816	153.78	21.405	30.886	175.91	2.6835	5.4291	0.0071548	vapor
77.400	0.79167	127.25	0.0078587	1.5593	2.1815	153.76	21.406	30.890	175.90	2.6836	5.4293	0.0071551	vapor
77.400	0.79333	127.53	0.0078416	1.5593	2.1814	153.74	21.408	30.895	175.89	2.6838	5.4294	0.0071553	vapor
77.400	0.79500	127.80	0.0078246	1.5592	2.1812	153.72	21.409	30.899	175.89	2.6840	5.4295	0.0071556	vapor
77.400	0.79667	128.08	0.0078076	1.5591	2.1811	153.70	21.411	30.903	175.88	2.6841	5.4297	0.0071559	vapor
77.400	0.79833	128.36	0.0077907	1.5590	2.1809	153.68	21.412	30.907	175.87	2.6843	5.4298	0.0071561	vapor
77.400	0.80000	128.64	0.0077739	1.5589	2.1808	153.66	21.413	30.912	175.86	2.6845	5.4299	0.0071564	vapor
77.400	0.80167	128.91	0.0077571	1.5588	2.1807	153.65	21.415	30.916	175.86	2.6846	5.4301	0.0071567	vapor
77.400	0.80333	129.19	0.0077405	1.5587	2.1805	153.63	21.416	30.920	175.85	2.6848	5.4302	0.0071569	vapor
77.400	0.80500	129.47	0.0077239	1.5586	2.1804	153.61	21.418	30.924	175.84	2.6850	5.4303	0.0071572	vapor
77.400	0.80667	129.75	0.0077073	1.5585	2.1802	153.59	21.419	30.929	175.83	2.6851	5.4305	0.0071575	vapor
77.400	0.80833	130.02	0.0076908	1.5584	2.1801	153.57	21.421	30.933	175.83	2.6853	5.4306	0.0071577	vapor
77.400	0.81000	130.30	0.0076744	1.5583	2.1800	153.55	21.422	30.937	175.82	2.6854	5.4307	0.0071580	vapor
77.400	0.81167	130.58	0.0076581	1.5582	2.1798	153.54	21.424	30.942	175.81	2.6856	5.4309	0.0071583	vapor
77.400	0.81333	130.86	0.0076418	1.5582	2.1797	153.52	21.425	30.946	175.80	2.6858	5.4310	0.0071586	vapor
77.400	0.81500	131.14	0.0076256	1.5581	2.1796	153.50	21.426	30.950	175.80	2.6859	5.4311	0.0071588	vapor
77.400	0.81667	131.41	0.0076095	1.5580	2.1794	153.48	21.428	30.954	175.79	2.6861	5.4313	0.0071591	vapor
77.400	0.81833	131.69	0.0075934	1.5579	2.1793	153.46	21.429	30.959	175.78	2.6863	5.4314	0.0071594	vapor
77.400	0.82000	131.97	0.0075774	1.5578	2.1791	153.45	21.431	30.963	175.77	2.6864	5.4315	0.0071596	vapor
77.400	0.82167	132.25	0.0075615	1.5577	2.1790	153.43	21.432	30.967	175.77	2.6866	5.4317	0.0071599	vapor
77.400	0.82333	132.53	0.0075456	1.5576	2.1789	153.41	21.434	30.972	175.76	2.6868	5.4318	0.0071602	vapor
77.400	0.82500	132.81	0.0075298	1.5575	2.1787	153.39	21.435	30.976	175.75	2.6869	5.4319	0.0071604	vapor
77.400	0.82667	133.08	0.0075140	1.5574	2.1786	153.37	21.437	30.980	175.74	2.6871	5.4321	0.0071607	vapor
77.400	0.82833	133.36	0.0074983	1.5573	2.1784	153.36	21.438	30.985	175.74	2.6873	5.4322	0.0071610	vapor
77.400	0.83000	133.64	0.0074827	1.5572	2.1783	153.34	21.439	30.989	175.73	2.6874	5.4323	0.0071613	vapor
77.400	0.83167	133.92	0.0074672	1.5571	2.1782	153.32	21.441	30.993	175.72	2.6876	5.4325	0.0071615	vapor
77.400	0.83333	134.20	0.0074517	1.5571	2.1780	153.30	21.442	30.998	175.71	2.6878	5.4326	0.0071618	vapor
77.400	0.83500	134.48	0.0074362	1.5570	2.1779	153.28	21.444	31.002	175.71	2.6879	5.4327	0.0071621	vapor
77.400	0.83667	134.76	0.0074209	1.5569	2.1778	153.27	21.445	31.006	175.70	2.6881	5.4329	0.0071623	vapor
77.400	0.83833	135.03	0.0074055	1.5568	2.1776	153.25	21.447	31.010	175.69	2.6883	5.4330	0.0071626	vapor
77.400	0.84000	135.31	0.0073903	1.5567	2.1775	153.23	21.448	31.015	175.68	2.6884	5.4331	0.0071629	vapor
77.400	0.84167	135.59	0.0073751	1.5566	2.1773	153.21	21.450	31.019	175.67	2.6886	5.4333	0.0071631	vapor
77.400	0.84333	135.87	0.0073600	1.5565	2.1772	153.19	21.451	31.023	175.67	2.6888	5.4334	0.0071634	vapor
77.400	0.84500	136.15	0.0073449	1.5564	2.1771	153.18	21.453	31.028	175.66	2.6889	5.4335	0.0071637	vapor
77.400	0.84667	136.43	0.0073299	1.5563	2.1769	153.16	21.454	31.032	175.65	2.6891	5.4337	0.0071640	vapor
77.400	0.84833	136.71	0.0073149	1.5562	2.1768	153.14	21.455	31.037	175.64	2.6893	5.4338	0.0071642	vapor
77.400	0.85000	136.99	0.0073000	1.5561	2.1766	153.12	21.457	31.041	175.64	2.6894	5.4339	0.0071645	vapor
77.400	0.85167	137.27	0.0072852	1.5560	2.1765	153.11	21.458	31.045	175.63	2.6896	5.4340	0.0071648	vapor
77.400	0.85333	137.54	0.0072704	1.5560	2.1764	153.09	21.460	31.050	175.62	2.6898	5.4342	0.0071651	vapor
77.400	0.85500	137.82	0.0072557	1.5559	2.1762	153.07	21.461	31.054	175.61	2.6899	5.4343	0.0071653	vapor
77.400	0.85667	138.10	0.0072410	1.5558	2.1761	153.05	21.463	31.058	175.61	2.6901	5.4345	0.0071656	vapor
77.400	0.85833	138.38	0.0072264	1.5557	2.1759	153.04	21.464	31.063	175.60	2.6903	5.4346	0.0071659	vapor
77.400	0.86000	138.66	0.0072118	1.5556	2.1758	153.02	21.466	31.067	175.59	2.6904	5.4347	0.0071661	vapor
77.400	0.86167	138.94	0.0071973	1.5555	2.1757	153.00	21.467	31.071	175.58	2.6906	5.4349	0.0071664	vapor
77.400	0.86333	139.22	0.0071829	1.5554	2.1755	152.99	21.469	31.076	175.58	2.6908	5.4350	0.0071667	vapor
77.400	0.86500	139.50	0.0071685	1.5553	2.1754	152.97	21.470	31.080	175.57	2.6909	5.4351	0.0071670	vapor
77.400	0.86667	139.78	0.0071542	1.5552	2.1752	152.95	21.472	31.084	175.56	2.6911	5.4353	0.0071672	vapor
77.400	0.86833	140.06	0.0071399	1.5551	2.1751	152.93	21.473	31.089	175.55	2.6913	5.4354	0.0071675	vapor
77.400	0.87000	140.34	0.0071257	1.5550	2.1750	152.92	21.475	31.093	175.55	2.6915	5.4355	0.0071678	vapor
77.400	0.87167	140.62	0.0071115	1.5549	2.1748	152.90	21.476	31.098	175.54	2.6916	5.4357	0.0071681	vapor
77.400	0.87333	140.90	0.0070974	1.5548	2.1747	152.88	21.478	31.102	175.53	2.6918	5.4358	0.0071683	vapor
77.400	0.87500	141.18	0.0070833	1.5548	2.1745	152.87	21.479	31.106	175.52	2.6920	5.4359	0.0071686	vapor
77.400	0.87667	141.46	0.0070693	1.5547	2.1744	152.85	21.480	31.111	175.51	2.6921	5.4361	0.0071689	vapor
77.400	0.87833	141.74	0.0070554	1.5546	2.1743	152.83	21.482	31.115	175.51	2.6923	5.4362	0.0071692	vapor
77.400	0.88000	142.02	0.0070415	1.5545	2.1741	152.81	21.483	31.120	175.50	2.6925	5.4363	0.0071694	vapor
77.400	0.88167	142.30	0.0070276	1.5544	2.1740	152.80	21.485	31.124	175.49	2.6926	5.4365	0.0071697	vapor
77.400	0.88333	142.58	0.0070138	1.5543	2.1739	152.78	21.486	31.128	175.48	2.6928	5.4366	0.0071700	vapor
77.400	0.88500	142.86	0.0070001	1.5542	2.1737	152.76	21.488	31.133	175.48	2.6930	5.4367	0.0071703	vapor
77.400	0.88667	143.14	0.0069864	1.5541	2.1736	152.75	21.489	31.137	175.47	2.6931	5.4369	0.0071705	vapor
77.400	0.88833	143.42	0.0069728	1.5540	2.1734	152.73	21.491	31.142	175.46	2.6933	5.4370	0.0071708	vapor
77.400	0.89000	143.70	0.0069592	1.5539	2.1733	152.71	21.492	31.146	175.45	2.6935	5.4371	0.0071711	vapor
77.400	0.89167	143.98	0.0069456	1.5538	2.1732	152.70	21.494	31.150	175.45	2.6936	5.4373	0.0071714	vapor
77.400	0.89333	144.26	0.0069322	1.5537	2.1730	152.68	21.495	31.155	175.44	2.6938	5.4374	0.0071716	vapor
77.400	0.89500	144.54	0.0069187	1.5536	2.1729	152.66	21.497	31.159	175.43	2.6940	5.4375	0.0071719	vapor
77.400	0.89667	144.82	0.0069053	1.5536	2.1727	152.65	21.498	31.164	175.42	2.6941	5.4377	0.0071722	vapor
77.400	0.89833	145.10	0.0068920	1.5535	2.1726	152.63	21.500	31.168	175.42	2.6943	5.4378	0.0071725	vapor
77.400	0.90000	145.38	0.0068787	1.5534	2.1725	152.61	21.501	31.172	175.41	2.6945	5.4379	0.0071727	vapor
77.400	0.90167	145.66	0.0068655	1.5533	2.1723	152.60	21.503	31.177	175.40	2.6947	5.4381	0.0071730	vapor
77.400	0.90333	145.94	0.0068523	1.5532	2.1722	152.58	21.504	31.181	175.39	2.6948	5.4382	0.0071733	vapor
77.400	0.90500	146.22	0.0068391	1.5531	2.1720	152.56	21.506	31.186	175.38	2.6950	5.4383	0.0071736	vapor
77.400	0.90667	146.50	0.0068260	1.5530	2.1719	152.55	21.507	31.190	175.38	2.6952	5.4385	0.0071739	vapor
77.400	0.90833	146.78	0.0068130	1.5529	2.1718	152.53	21.509	31.195	175.37	2.6953	5.4386	0.0071741	vapor
77.400	0.91000	147.06	0.0068000	1.5528	2.1716	152.51	21.510	31.199	175.36	2.6955	5.4387	0.0071744	vapor
77.400	0.91167	147.34	0.0067870	1.5527	2.1715	152.50	21.512	31.203	175.35	2.6957	5.4389	0.0071747	vapor
77.400	0.91333	147.62	0.0067741	1.5526	2.1713	152.48	21.513	31.208	175.35	2.6958	5.4390	0.0071750	vapor
77.400	0.91500	147.90	0.0067613	1.5525	2.1712	152.46	21.515	31.212	175.34	2.6960	5.4391	0.0071752	vapor
77.400	0.91667	148.18	0.0067485	1.5524	2.1711	152.45	21.516	31.217	175.33	2.6962	5.4393	0.0071755	vapor
77.400	0.91833	148.46	0.0067357	1.5524	2.1709	152.43	21.518	31.221	175.32	2.6964	5.4394	0.0071758	vapor
77.400	0.92000	148.74	0.0067230	1.5523	2.1708	152.42	21.519	31.226	175.32	2.6965	5.4395	0.0071761	vapor
77.400	0.92167	149.02	0.0067103	1.5522	2.1706	152.40	21.521	31.230	175.31	2.6967	5.4397	0.0071764	vapor
77.400	0.92333	149.31	0.0066977	1.5521	2.1705	152.38	21.522	31.235	175.30	2.6969	5.4398	0.0071766	vapor
77.400	0.92500	149.59	0.0066851	1.5520	2.1703	152.37	21.524	31.239	175.29	2.6970	5.4399	0.0071769	vapor
77.400	0.92667	149.87	0.0066726	1.5519	2.1702	152.35	21.525	31.244	175.28	2.6972	5.4401	0.0071772	vapor
77.400	0.92833	150.15	0.0066601	1.5518	2.1701	152.33	21.527	31.248	175.28	2.6974	5.4402	0.0071775	vapor
77.400	0.93000	150.43	0.0066476	1.5517	2.1699	152.32	21.528	31.252	175.27	2.6975	5.4403	0.0071778	vapor
77.400	0.93167	150.71	0.0066352	1.5516	2.1698	152.30	21.530	31.257	175.26	2.6977	5.4405	0.0071780	vapor
77.400	0.93333	150.99	0.0066229	1.5515	2.1696	152.29	21.531	31.261	175.25	2.6979	5.4406	0.0071783	vapor
77.400	0.93500	151.27	0.0066105	1.5514	2.1695	152.27	21.533	31.266	175.25	2.6981	5.4407	0.0071786	vapor
77.400	0.93667	151.55	0.0065983	1.5513	2.1694	152.25	21.534	31.270	175.24	2.6982	5.4409	0.0071789	vapor
77.400	0.93833	151.84	0.0065860	1.5512	2.1692	152.24	21.536	31.275	175.23	2.6984	5.4410	0.0071792	vapor
77.400	0.94000	152.12	0.0065739	1.5511	2.1691	152.22	21.537	31.279	175.22	2.6986	5.4411	0.0071794	vapor
77.400	0.94167	152.40	0.0065617	1.5510	2.1689	152.21	21.539	31.284	175.22	2.6987	5.4413	0.0071797	vapor
77.400	0.94333	152.68	0.0065496	1.5510	2.1688	152.19	21.540	31.288	175.21	2.6989	5.4414	0.0071800	vapor
77.400	0.94500	152.96	0.0065376	1.5509	2.1687	152.17	21.542	31.293	175.20	2.6991	5.4415	0.0071803	vapor
77.400	0.94667	153.24	0.0065256	1.5508	2.1685	152.16	21.543	31.297	175.19	2.6993	5.4417	0.0071806	vapor
77.400	0.94833	153.53	0.0065136	1.5507	2.1684	152.14	21.545	31.302	175.18	2.6994	5.4418	0.0071808	vapor
77.400	0.95000	153.81	0.0065017	1.5506	2.1682	152.13	21.546	31.306	175.18	2.6996	5.4420	0.0071811	vapor
77.400	0.95167	154.09	0.0064898	1.5505	2.1681	152.11	21.548	31.311	175.17	2.6998	5.4421	0.0071814	vapor
77.400	0.95333	154.37	0.0064779	1.5504	2.1680	152.09	21.549	31.315	175.16	2.6999	5.4422	0.0071817	vapor
77.400	0.95500	154.65	0.0064661	1.5503	2.1678	152.08	21.551	31.320	175.15	2.7001	5.4424	0.0071820	vapor
77.400	0.95667	154.93	0.0064544	1.5502	2.1677	152.06	21.552	31.324	175.15	2.7003	5.4425	0.0071823	vapor
77.400	0.95833	155.22	0.0064426	1.5501	2.1675	152.05	21.554	31.329	175.14	2.7005	5.4426	0.0071825	vapor
77.400	0.96000	155.50	0.0064309	1.5500	2.1674	152.03	21.555	31.333	175.13	2.7006	5.4428	0.0071828	vapor
77.400	0.96167	155.78	0.0064193	1.5499	2.1673	152.02	21.557	31.338	175.12	2.7008	5.4429	0.0071831	vapor
77.400	0.96333	156.06	0.0064077	1.5498	2.1671	152.00	21.558	31.343	175.12	2.7010	5.4430	0.0071834	vapor
77.400	0.96500	156.34	0.0063961	1.5497	2.1670	151.98	21.560	31.347	175.11	2.7012	5.4432	0.0071837	vapor
77.400	0.96667	156.63	0.0063846	1.5496	2.1668	151.97	21.561	31.352	175.10	2.7013	5.4433	0.0071840	vapor
77.400	0.96833	156.91	0.0063731	1.5496	2.1667	151.95	21.563	31.356	175.09	2.7015	5.4434	0.0071842	vapor
77.400	0.97000	157.19	0.0063617	1.5495	2.1665	151.94	21.564	31.361	175.08	2.7017	5.4436	0.0071845	vapor
77.400	0.97167	157.47	0.0063503	1.5494	2.1664	151.92	21.566	31.365	175.08	2.7018	5.4437	0.0071848	vapor
77.400	0.97333	157.76	0.0063389	1.5493	2.1663	151.91	21.567	31.370	175.07	2.7020	5.4438	0.0071851	vapor
77.400	0.97500	158.04	0.0063276	1.5492	2.1661	151.89	21.569	31.374	175.06	2.7022	5.4440	0.0071854	vapor
77.400	0.97667	158.32	0.0063163	1.5491	2.1660	151.88	21.570	31.379	175.05	2.7024	5.4441	0.0071857	vapor
77.400	0.97833	158.60	0.0063051	1.5490	2.1658	151.86	21.572	31.383	175.05	2.7025	5.4442	0.0071859	vapor
77.400	0.98000	158.89	0.0062939	1.5489	2.1657	151.85	21.573	31.388	175.04	2.7027	5.4444	0.0071862	vapor
77.400	0.98167	159.17	0.0062827	1.5488	2.1656	151.83	21.575	31.392	175.03	2.7029	5.4445	0.0071865	vapor
77.400	0.98333	159.45	0.0062715	1.5487	2.1654	151.81	21.576	31.397	175.02	2.7031	5.4446	0.0071868	vapor
77.400	0.98500	159.73	0.0062605	1.5486	2.1653	151.80	21.578	31.402	175.01	2.7032	5.4448	0.0071871	vapor
77.400	0.98667	160.02	0.0062494	1.5485	2.1651	151.78	21.579	31.406	175.01	2.7034	5.4449	0.0071874	vapor
77.400	0.98833	160.30	0.0062384	1.5484	2.1650	151.77	21.581	31.411	175.00	2.7036	5.4451	0.0071876	vapor
77.400	0.99000	160.58	0.0062274	1.5483	2.1649	151.75	21.582	31.415	174.99	2.7038	5.4452	0.0071879	vapor
77.400	0.99167	160.86	0.0062164	1.5482	2.1647	151.74	21.584	31.420	174.98	2.7039	5.4453	0.0071882	vapor
77.400	0.99333	161.15	0.0062055	1.5482	2.1646	151.72	21.586	31.424	174.98	2.7041	5.4455	0.0071885	vapor
77.400	0.99500	161.43	0.0061946	1.5481	2.1644	151.71	21.587	31.429	174.97	2.7043	5.4456	0.0071888	vapor
77.400	0.99667	161.71	0.0061838	1.5480	2.1643	151.69	21.589	31.434	174.96	2.7044	5.4457	0.0071891	vapor
77.400	0.99833	162.00	0.0061730	1.5479	2.1641	151.68	21.590	31.438	174.95	2.7046	5.4459	0.0071894	vapor
77.400	1.0000	162.28	0.0061622	1.5478	2.1640	151.66	21.592	31.443	174.94	2.7048	5.4460	0.0071896	vapor